classification:
  attention_dim: 128
  classification_layer_count: 2
  classifier_size: 768
  custom: true
  dataset_path: data/track_a/train/eng.csv
  dropout_rate: 0.1
  extended_dataset: true
  extended_split: 0.33
  freeze_layers: false
  freeze_to_layer: 12
  head_type: attention
  loRa: false
  num_attention_heads: 1
  pretrained_model: roberta-large
  training:
    learning_rate: 2.0e-05
    per_device_eval_batch_size: 32
    per_device_train_batch_size: 32
    train_epochs: 30
    warmup_steps: 500
    weight_decay: 0.01
  training_set_split: 0.8
results:
  dev:
    epoch: 30.0
    eval_accuracy: 0.3854166666666667
    eval_f1: 0.707492636573738
    eval_loss: 1.4874801635742188
    eval_precision: 0.7140421422971759
    eval_recall: 0.7046979865771812
    eval_runtime: 2.1351
    eval_samples_per_second: 54.329
    eval_steps_per_second: 1.873
  eval:
    epoch: 30.0
    eval_accuracy: 0.4944852941176471
    eval_f1: 0.7853788027232993
    eval_loss: 1.3409689664840698
    eval_precision: 0.7707616055071992
    eval_recall: 0.802158273381295
    eval_runtime: 12.1389
    eval_samples_per_second: 45.639
    eval_steps_per_second: 1.483
