classification:
  attention_dim: 128
  classification_layer_count: 2
  classifier_size: 1536
  custom: true
  dataset_path: data/track_a/train/eng.csv
  dropout_rate: 0.1
  extended_dataset: true
  extended_split: 0.66
  freeze_layers: false
  freeze_to_layer: 12
  head_type: fc
  loRa: false
  num_attention_heads: 1
  pretrained_model: roberta-large
  training:
    learning_rate: 2.0e-05
    per_device_eval_batch_size: 32
    per_device_train_batch_size: 32
    train_epochs: 30
    warmup_steps: 500
    weight_decay: 0.01
  training_set_split: 0.8
results:
  dev:
    epoch: 30.0
    eval_accuracy: 0.3854166666666667
    eval_f1: 0.7468903089531842
    eval_loss: 1.2074590921401978
    eval_precision: 0.7378525836579527
    eval_recall: 0.7583892617449665
    eval_runtime: 2.1724
    eval_samples_per_second: 53.397
    eval_steps_per_second: 1.841
  eval:
    epoch: 30.0
    eval_accuracy: 0.5091911764705882
    eval_f1: 0.7868486095812732
    eval_loss: 1.2337559461593628
    eval_precision: 0.7689767826993058
    eval_recall: 0.8069544364508393
    eval_runtime: 11.9893
    eval_samples_per_second: 46.208
    eval_steps_per_second: 1.501
