classification:
  attention_dim: 128
  classification_layer_count: 4
  classifier_size: 768
  custom: true
  dataset_path: data/track_a/train/eng.csv
  dropout_rate: 0.1
  extended_dataset: true
  extended_split: 0.66
  freeze_layers: false
  freeze_to_layer: 12
  head_type: fc
  loRa: false
  num_attention_heads: 1
  pretrained_model: roberta-large
  training:
    learning_rate: 2.0e-05
    per_device_eval_batch_size: 32
    per_device_train_batch_size: 32
    train_epochs: 30
    warmup_steps: 500
    weight_decay: 0.01
  training_set_split: 0.8
results:
  dev:
    epoch: 30.0
    eval_accuracy: 0.3854166666666667
    eval_f1: 0.7015899221189391
    eval_loss: 0.4189651906490326
    eval_precision: 0.689405560882071
    eval_recall: 0.7181208053691275
    eval_runtime: 2.1071
    eval_samples_per_second: 55.052
    eval_steps_per_second: 1.898
  eval:
    epoch: 30.0
    eval_accuracy: 0.4742647058823529
    eval_f1: 0.778578696875325
    eval_loss: 0.3546757400035858
    eval_precision: 0.7503190291945858
    eval_recall: 0.8165467625899281
    eval_runtime: 11.869
    eval_samples_per_second: 46.676
    eval_steps_per_second: 1.517
