classification:
  attention_dim: 128
  classification_layer_count: 2
  classifier_size: 768
  custom: true
  dataset_path: data/track_a/train/eng.csv
  dropout_rate: 0.1
  extended_dataset: true
  extended_split: 0.66
  freeze_layers: false
  freeze_to_layer: 12
  head_type: attention
  loRa: false
  num_attention_heads: 1
  pretrained_model: roberta-large
  training:
    learning_rate: 2.0e-05
    per_device_eval_batch_size: 32
    per_device_train_batch_size: 32
    train_epochs: 30
    warmup_steps: 500
    weight_decay: 0.01
  training_set_split: 0.8
results:
  dev:
    epoch: 30.0
    eval_accuracy: 0.3854166666666667
    eval_f1: 0.7293574847850665
    eval_loss: 1.1197165250778198
    eval_precision: 0.7396873608789509
    eval_recall: 0.7248322147651006
    eval_runtime: 2.136
    eval_samples_per_second: 54.306
    eval_steps_per_second: 1.873
  eval:
    epoch: 30.0
    eval_accuracy: 0.49816176470588236
    eval_f1: 0.7716950529832225
    eval_loss: 1.2041064500808716
    eval_precision: 0.7515640244501669
    eval_recall: 0.7937649880095923
    eval_runtime: 12.1271
    eval_samples_per_second: 45.683
    eval_steps_per_second: 1.484
