classification:
  attention_dim: 128
  classification_layer_count: 2
  classifier_size: 768
  custom: true
  dataset_path: data/track_a/train/eng.csv
  dropout_rate: 0.1
  extended_dataset: true
  extended_split: 1.0
  freeze_layers: false
  freeze_to_layer: 12
  head_type: attention
  loRa: false
  num_attention_heads: 1
  pretrained_model: roberta-large
  training:
    learning_rate: 2.0e-05
    per_device_eval_batch_size: 32
    per_device_train_batch_size: 32
    train_epochs: 30
    warmup_steps: 500
    weight_decay: 0.01
  training_set_split: 0.8
results:
  dev:
    epoch: 30.0
    eval_accuracy: 0.4270833333333333
    eval_f1: 0.7474178840781662
    eval_loss: 0.4603508710861206
    eval_precision: 0.7366928713158479
    eval_recall: 0.7651006711409396
    eval_runtime: 2.2903
    eval_samples_per_second: 50.647
    eval_steps_per_second: 1.746
  eval:
    epoch: 30.0
    eval_accuracy: 0.4742647058823529
    eval_f1: 0.7781784416441752
    eval_loss: 0.4350969195365906
    eval_precision: 0.7526227968245657
    eval_recall: 0.8165467625899281
    eval_runtime: 12.0558
    eval_samples_per_second: 45.953
    eval_steps_per_second: 1.493
