classification:
  attention_dim: 128
  classification_layer_count: 4
  classifier_size: 1536
  custom: true
  dataset_path: data/track_a/train/eng.csv
  dropout_rate: 0.1
  extended_dataset: true
  extended_split: 0.33
  freeze_layers: false
  freeze_to_layer: 12
  head_type: fc
  loRa: false
  num_attention_heads: 1
  pretrained_model: roberta-large
  training:
    learning_rate: 2.0e-05
    per_device_eval_batch_size: 16
    per_device_train_batch_size: 16
    train_epochs: 30
    warmup_steps: 500
    weight_decay: 0.01
  training_set_split: 0.8
results:
  dev:
    epoch: 30.0
    eval_accuracy: 0.41964285714285715
    eval_f1: 0.7174195943694104
    eval_loss: 1.6206519603729248
    eval_precision: 0.7026351232005651
    eval_recall: 0.7337278106508875
    eval_runtime: 2.6073
    eval_samples_per_second: 44.49
    eval_steps_per_second: 3.068
  eval:
    epoch: 30.0
    eval_accuracy: 0.46139705882352944
    eval_f1: 0.7739702476601704
    eval_loss: 1.34030020236969
    eval_precision: 0.7479774111392994
    eval_recall: 0.8033573141486811
    eval_runtime: 12.4013
    eval_samples_per_second: 44.673
    eval_steps_per_second: 2.822
