classification:
  attention_dim: 128
  classification_layer_count: 4
  classifier_size: 768
  custom: true
  dataset_path: data/track_a/train/eng.csv
  dropout_rate: 0.1
  extended_dataset: true
  extended_split: 1.0
  freeze_layers: false
  freeze_to_layer: 12
  head_type: fc
  loRa: false
  num_attention_heads: 1
  pretrained_model: roberta-large
  training:
    learning_rate: 2.0e-05
    per_device_eval_batch_size: 32
    per_device_train_batch_size: 32
    train_epochs: 30
    warmup_steps: 500
    weight_decay: 0.01
  training_set_split: 0.8
results:
  dev:
    epoch: 30.0
    eval_accuracy: 0.4583333333333333
    eval_f1: 0.7689994697500347
    eval_loss: 1.1258625984191895
    eval_precision: 0.7569417885474549
    eval_recall: 0.785234899328859
    eval_runtime: 2.2186
    eval_samples_per_second: 52.286
    eval_steps_per_second: 1.803
  eval:
    epoch: 30.0
    eval_accuracy: 0.5036764705882353
    eval_f1: 0.7879453295843323
    eval_loss: 1.1103711128234863
    eval_precision: 0.751744378236096
    eval_recall: 0.8285371702637889
    eval_runtime: 11.949
    eval_samples_per_second: 46.364
    eval_steps_per_second: 1.506
